95400
93400
91699
96170
96160
91496
91330
93998
95300
93990
93660
96365
93960
92018
91615
95460
95280
93995
92912
95600
93994
95830
92510
96950
95980
95000
93997
95560
96330
93556
94410
93695
96370
91460
92120
92930
92517
94780
91480
96180
94700
91380
96386
93140
93410
95276
95843
95850
92513
95281
92600
91370
92125
96150
93996
93800
94020
91320
94466
92126
94277
94900
95340
94160
91315
92560
95399
94180
94954
95500
92127
93450
94170
94957
95396
93559
93980
92514
92518
95272
93680
94440
95900
96960
91325
91495
92009
92350
93653
95430
92124
93100
94965
95394
92015
92080
94260
94964
92933
94050
92116
92122
92340
92934
93523
94465
95693
95834
95950
91233
92123
92940
94287
95220
95833
96345
91481
92684
93535
93557
93590
95643
95480
92037
92420
92700
94840
95995
92063
95423
95690
95930
91382
93692
93910
94966
95284
95580
95865
91469
91490
91675
93060
93420
94760
95395
95647
95800
96173
96970
91618
92390
93419
94726
95250
92035
93655
94464
94934
94953
95217
91489
93558
94960
95429
95450
91210
91282
92360
92516
92900
93694
94220
95420
95694
91260
91477
92030
92039
94150
94783
95277
95630
95695
91485
92230
92320
92903
93000
93430
93816
94210
95118
92033
92400
92530
92911
93197
93470
93534
94000
94762
94860
95207
95360
91285
92736
93950
95200
95278
95397
95842
95847
91345
91440
92064
92380
92519
93479
93808
94442
94467
94946
95230
95330
95646
95960
91430
92470
93965
94929
94995
95275
95344
95832
92170
92735
95093
95094
95283
95350
95358
95440
95520
95835
95839
91350
91409
91465
92937
93880
94103
95696
95815
95844
91498
91649
92140
92994
93468
93545
94130
95030
95287
95332
95836
95874
96347
96372
91390
92200
92370
92941
92985
93175
93440
93484
93486
94226
94820
94920
94992
95096
95202
95274
95801
91404
91435
91450
91647
91658
92092
92207
93449
93485
93623
93638
93644
94080
94457
94488
94880
95338
95370
95645
91360
91389
91410
91420
91436
92913
93427
93466
93580
93664
94456
94800
94959
95095
95130
95333
95697
96120
91205
91250
92143
92147
92310
92734
93180
93429
93460
93835
93840
94230
94793
95247
95285
95540
95880
96140
96397
96923
91231
91466
91470
92050
92060
92660
92750
92983
93040
93120
93478
93530
93643
93654
94060
94903
94972
94984
95083
95099
95343
95807
96390
91245
91305
91373
91383
91417
91434
91488
91611
92065
92100
92385
92389
92430
92520
92550
92774
92910
93425
93537
93625
93780
93837
93860
94722
94906
95080
95223
95259
95345
95425
95595
95607
95676
95854
95898
96133
96910
91237
91337
91376
91487
91646
91652
91673
92066
92300
92687
92977
93072
93190
93569
93585
93627
93671
93726
93760
93843
94030
94054
94059
94190
94191
94263
94479
94489
94956
94967
94980
95204
95342
95820
95876
96367
91238
91486
92148
92490
92515
92527
92615
92685
92694
92733
92907
92936
92975
92980
93183
93184
93276
93458
93480
93520
93538
93542
93578
93588
93636
93676
93815
93900
94267
94276
94782
94830
94925
94976
95286
95422
95427
95590
95748
95837
95879
96154
91203
91236
91341
91385
91415
91444
91445
91619
91655
91659
91677
92000
92005
92062
92072
92142
92146
92220
92270
92702
92755
92756
92904
92987
93185
93489
93562
93575
93576
93634
93641
93670
93735
93844
93845
93915
94035
94110
94200
94275
94458
94478
94766
94794
94810
94890
94912
94913
94933
94983
95209
95215
95225
95246
95398
95485
95563
95585
95620
95670
95795
95813
95848
95992
96102
96152
96157
91217
91244
91278
91322
91354
91407
91433
91482
91492
91621
91657
91668
91688
92014
92054
92105
92110
92130
92144
92330
92407
92410
92412
92540
92670
92680
92683
92715
92737
92740
92763
92905
92943
92984
92990
93050
93124
93170
93181
93182
93195
93418
93438
93467
93487
93490
93499
93524
93525
93540
93548
93550
93552
93553
93564
93568
93577
93626
93635
93662
93675
93687
93697
93721
93810
93918
94120
94143
94145
94153
94188
94248
94253
94256
94427
94490
94774
94775
94776
94850
94877
94993
95060
95084
95085
95097
95205
95224
95227
95243
95244
95334
95335
95337
95339
95380
95454
95464
95603
95628
95636
95657
95658
95725
95816
95817
95846
95877
95924
96108
96144
96151
96174
96230
96362
96382
96394
96398
96670